[3 1 3 3 0 3 1 2 1 3 1 1 1 1 1 2 1 1 1 2 1 2 1 1 0 2 2 1 1 3 1 2 2 0 3 1 1
 0 0 0 0 1 0 0 2 3 1 0 1 1 0 0 0 2 3 2 1 1 2 1 0 1 2 3 1 1 0 1 3 0 2 2 3 3
 2 1 1 0 1 1 0 1 1 1 1 1 0 2 0 2 2 1 3 2 1 3 2 1 0 1 1 1 1 1 2 1 0 1 1 1 1
 0 1 0 3 1 1 1 2 0 1 1 1 2 0 1 1 1 1 1 1 1 0 1 2 1 3 1 2 1 2 2 3 3 0 1 1 1
 3 1 3 3 0 1 1 2 2 2 3 3 0 0 1 3 1 3 1 0 2 2 0 2 1 1 1 2 1 2 1 2 3 1 3 2 1
 1 2 1 1 1 3 1 3 0 1 2 1 1 1 3 1 1 1 1 0 1 2 2 1 1 2 1 3 1 1 3 2 1 1 1 1 2
 1 2 1 2 3 1 2 2 2 1 0 2 0 1 1 1 1 3 2 2 2 1 1 1 0 1 1 3 2 1 3 0 0 2 1 1 1
 1 1 1 2 1 1 1 1 0 0 1 1 1 2 1 1 1 1 1 1 0 3 2 2 1 1 2 1 2 3 1 1 2 0 1 3 2
 1 1 2 2 0 2 3 3 2 0 2 2 2 1 2 1 0 1 2 2 1 1 2 0 3 0 1 3 0 1 1 1 1 3 0 0 1
 1 1 2 1 3 3 3 1 1 2 1 1 1 2 1 2 2 2 1 2 0 3 2 2 2 2 2 2 1 1 1 1 1 1 2 2 1
 3 1 0 1 1 2 3 0 1 1 2 2 0 3 1 2 1 1 0 1 1 2 1 2 1 2 3 1 2 1 0 3 0 2 1 0 3
 1 0 1 2 2 2 2 1 3 2 1 2 1 0 1 2] 423
------------------------------------------------------------------------------------------------------------------------------------------------------
length of prediction encoded and number of responses back :  423 423
------------------------------------------------------------------------------------------------------------------------------------------------------
Accuracy of the model:  0.9432624113475178
------------------------------------------------------------------------------------------------------------------------------------------------------
Confusion Matrix:  [[ 46   0  13   3]
 [  0 199   0   0]
 [  0   8  98   0]
 [  0   0   0  56]]
------------------------------------------------------------------------------------------------------------------------------------------------------
Classification Report:                precision    recall  f1-score   support

           0       1.00      0.74      0.85        62
           1       0.96      1.00      0.98       199
           2       0.88      0.92      0.90       106
           3       0.95      1.00      0.97        56

    accuracy                           0.94       423
   macro avg       0.95      0.92      0.93       423
weighted avg       0.95      0.94      0.94       423

------------------------------------------------------------------------------------------------------------------------------------------------------
[3, 1, 3, 3, 0, 3, 1, 2, 1, 3, 1, 1, 1, 1, 1, 1, 1, 1, 1, 2, 1, 2, 1, 1, 0, 1, 2, 1, 1, 3, 1, 2, 2, 0, 3, 1, 1, 0, 0, 0, 0, 1, 0, 0, 2, 3, 1, 0, 1, 1, 2, 0, 0, 2, 3, 2, 1, 1, 2, 1, 0, 1, 2, 3, 1, 1, 0, 1, 3, 0, 2, 1, 3, 3, 2, 1, 1, 2, 1, 1, 2, 1, 1, 1, 1, 1, 0, 2, 0, 2, 2, 1, 3, 2, 1, 3, 2, 1, 2, 1, 1, 1, 1, 1, 2, 1, 0, 1, 1, 1, 1, 0, 1, 0, 3, 1, 1, 1, 2, 2, 1, 1, 1, 2, 2, 1, 1, 1, 1, 1, 1, 1, 0, 1, 2, 1, 3, 1, 2, 1, 2, 2, 3, 3, 0, 1, 1, 1, 3, 1, 3, 3, 0, 1, 1, 2, 1, 2, 3, 3, 2, 0, 1, 3, 1, 3, 1, 2, 2, 2, 0, 1, 1, 1, 1, 2, 1, 2, 1, 2, 3, 1, 3, 2, 1, 1, 2, 1, 1, 1, 3, 1, 3, 0, 1, 2, 1, 1, 1, 3, 1, 1, 1, 1, 0, 1, 2, 2, 1, 1, 2, 1, 3, 1, 1, 3, 2, 1, 1, 1, 1, 2, 1, 2, 1, 2, 3, 1, 2, 2, 2, 1, 0, 2, 0, 1, 1, 1, 1, 3, 2, 2, 2, 1, 1, 1, 0, 1, 1, 3, 2, 1, 3, 0, 0, 2, 1, 1, 1, 1, 1, 1, 2, 1, 1, 1, 1, 2, 2, 1, 1, 1, 2, 1, 1, 1, 1, 1, 1, 3, 3, 2, 2, 1, 1, 2, 1, 2, 3, 1, 1, 2, 3, 1, 3, 2, 1, 1, 2, 1, 0, 2, 3, 3, 2, 2, 2, 2, 2, 1, 2, 1, 0, 1, 2, 2, 1, 1, 2, 0, 3, 2, 1, 3, 0, 1, 1, 1, 1, 3, 0, 0, 1, 1, 1, 2, 1, 3, 3, 3, 1, 1, 1, 1, 1, 1, 2, 1, 2, 2, 2, 1, 2, 0, 3, 2, 2, 2, 2, 1, 2, 1, 1, 1, 1, 1, 1, 2, 2, 1, 3, 1, 0, 1, 1, 2, 3, 0, 1, 1, 2, 2, 2, 3, 1, 2, 1, 1, 0, 1, 1, 2, 1, 2, 1, 2, 3, 1, 2, 1, 0, 3, 0, 2, 1, 3, 3, 1, 0, 1, 2, 2, 2, 2, 1, 3, 2, 1, 2, 1, 0, 1, 2]
